original matrix:
-487.625	-654.5	661.245	-559.008	-891.293	
-208.319	452.62	108.066	75.9606	-266.823	
-883.236	-634.358	-23.896	-365.551	-509.598	
650.197	-106.815	657.796	-309.977	-83.8954	
-426.222	-71.2302	502.548	-848.354	67.6901	
sorted matrix:
-208.319	-71.2302	-23.896	75.9606	67.6901	
-426.222	-106.815	108.066	-309.977	-83.8954	
-487.625	452.62	502.548	-365.551	-266.823	
650.197	-634.358	657.796	-559.008	-509.598	
-883.236	-654.5	661.245	-848.354	-891.293	
Table
Sort type: 	   Amount of comparisons: 	         Amount of swaps:

Selection sort 				50				33
insertion sort 				43				33
Bubble sort 				46				33
Shell sort 				43				19
Quick sort 				41				34


